0	 0
0.00011	 0.047619
0.00012	 0.0929705
0.00013	 0.136162
0.00014	 0.177298
0.00015	 0.216474
0.00016	 0.253785
0.00017	 0.289319
0.00018	 0.323161
0.00019	 0.355391
0.0002	 0.386087
0.00021	 0.415321
0.00022	 0.443163
0.00023	 0.469679
0.00024	 0.494932
0.00025	 0.518983
0.00026	 0.541888
0.00027	 0.563703
0.00028	 0.584479
0.00029	 0.604266
0.0003	 0.623111
0.00031	 0.641058
0.00032	 0.65815
0.00033	 0.674429
0.00034	 0.689932
0.00035	 0.704697
0.00036	 0.718759
0.00037	 0.732152
0.00038	 0.744906
0.00039	 0.757054
0.0004	 0.768623
0.00041	 0.779641
0.00042	 0.790134
0.00043	 0.800127
0.00044	 0.809645
0.00045	 0.81871
0.00046	 0.827343
0.00047	 0.835564
0.00048	 0.843395
0.00049	 0.850852
0.0005	 0.857954
0.00051	 0.864718
0.00052	 0.87116
0.00053	 0.877296
0.00054	 0.883139
0.00055	 0.888703
0.00056	 0.894003
0.00057	 0.899051
0.00058	 0.903858
0.00059	 0.908436
0.0006	 0.912796
0.00061	 0.916949
0.00062	 0.920904
0.00063	 0.92467
0.00064	 0.928257
0.00065	 0.931674
0.00066	 0.934927
0.00067	 0.938026
0.00068	 0.940977
0.00069	 0.943788
0.0007	 0.946464
0.00071	 0.949014
0.00072	 0.951442
0.00073	 0.953754
0.00074	 0.955956
0.00075	 0.958054
0.00076	 0.960051
0.00077	 0.961953
0.00078	 0.963765
0.00079	 0.965491
0.0008	 0.967134
0.00081	 0.968699
0.00082	 0.970189
0.00083	 0.971609
0.00084	 0.972961
0.00085	 0.974248
0.00086	 0.975475
0.00087	 0.976643
0.00088	 0.977755
0.00089	 0.978814
0.0009	 0.979823
0.00091	 0.980784
0.00092	 0.981699
0.00093	 0.98257
0.00094	 0.9834
0.00095	 0.984191
0.00096	 0.984944
0.00097	 0.985661
0.00098	 0.986343
0.00099	 0.986994
0.001	 0.987613
0.00101	 0.988203
0.00102	 0.988765
0.00103	 0.9893
0.00104	 0.989809
0.00105	 0.990295
0.00106	 0.990757
0.00107	 0.991197
0.00108	 0.991616
0.00109	 0.992015
0.0011	 0.992396
0.00111	 0.992758
0.00112	 0.993103
0.00113	 0.993431
0.00114	 0.993744
0.00115	 0.994042
0.00116	 0.994325
0.00117	 0.994596
0.00118	 0.994853
0.00119	 0.995098
0.0012	 0.995332
0.00121	 0.995554
0.00122	 0.995766
0.00123	 0.995967
0.00124	 0.996159
0.00125	 0.996342
0.00126	 0.996516
0.00127	 0.996682
0.00128	 0.99684
0.00129	 0.996991
0.0013	 0.997134
0.00131	 0.99727
0.00132	 0.9974
0.00133	 0.997524
0.00134	 0.997642
0.00135	 0.997754
0.00136	 0.997861
0.00137	 0.997963
0.00138	 0.99806
0.00139	 0.998153
0.0014	 0.99824
0.00141	 0.998324
0.00142	 0.998404
0.00143	 0.99848
0.00144	 0.998552
0.00145	 0.998621
0.00146	 0.998687
0.00147	 0.99875
0.00148	 0.998809
0.00149	 0.998866
0.0015	 0.99892
0.00151	 0.998971
0.00152	 0.99902
0.00153	 0.999067
0.00154	 0.999111
0.00155	 0.999154
0.00156	 0.999194
0.00157	 0.999232
0.00158	 0.999269
0.00159	 0.999304
0.0016	 0.999337
0.00161	 0.999368
0.00162	 0.999399
0.00163	 0.999427
0.00164	 0.999454
0.00165	 0.99948
0.00166	 0.999505
0.00167	 0.999529
0.00168	 0.999551
0.00169	 0.999573
0.0017	 0.999593
0.00171	 0.999612
0.00172	 0.999631
0.00173	 0.999648
0.00174	 0.999665
0.00175	 0.999681
0.00176	 0.999696
0.00177	 0.999711
0.00178	 0.999724
0.00179	 0.999738
0.0018	 0.99975
0.00181	 0.999762
0.00182	 0.999773
0.00183	 0.999784
0.00184	 0.999794
0.00185	 0.999804
0.00186	 0.999813
0.00187	 0.999822
0.00188	 0.999831
0.00189	 0.999839
0.0019	 0.999847
0.00191	 0.999854
0.00192	 0.999861
0.00193	 0.999867
0.00194	 0.999874
0.00195	 0.99988
0.00196	 0.999886
0.00197	 0.999891
0.00198	 0.999896
0.00199	 0.999901
